2293440
,2304635
,2304811
,2305322
,2316584
,2434282
,2452239
,2520081
,2521767
,2553039
,2293440
,2304635
,2304811
,2305322
,2316584
,2434282
,2452239
,2520081
,2521767
,2553039
,2553039
,2553039
,2553039
,2553039
,2553039
,2553039
,2553039
,2553039
,2553039
,2553039
,2577838
,2620773
,2622156
,22060245
,48014838
,2293440
,2304635
,2304811
,2305322
,2316584
,2434282
,2452239
,2520081
,2521767
,2527398
,2553053
,2676838
,2698974
,2743938
,2777970
,2781538
,2952638
,2970153
,3017492
,3033868
,3113139
,3122350
,3134862
,3149349
,3151435
,3177838
,3199744
,3203138
,3218206
,3240058
,114150588
,114279489
,115328889
,3265468
,3295539
,3354859
,3358762
,3367947
,3432872
,3433076
,3474642
,3475460
,3518639
,75199439
,117431789
,123447389
,9231130
,2537038
,2670238
,54855339
,79442238
,3586740
